0,498
47,2
0,497
0,472
17,2
17,1
17,3
15,2
15,1
15,3
16,2
16,1
16,3
13,2
14,2
4,4
4,19
4,7
4,13
4,17
4,2
4,3
6,2
6,3
7,2
7,3
5,4
5,2
5,1
5,3
44,1
44,3
42,1
42,3
39,1
39,3
37,1
37,3
45,1
45,3
33,1
33,3
35,1
35,3
28,1
28,3
0,273
0,270
60,36
60,35
47,1
47,3
10,22
10,110
10,178
10,184
10,298
10,188
10,220
10,4
11,6
11,22
11,12
8,10
8,8
8,12
8,9
25,3
25,1
21,3
21,2
21,1
21,0
20,3
20,2
20,1
19,3
19,2
19,1
18,3
18,1
12,3
12,2
12,1
11,26
11,24
11,10
11,8
2,2
11,4
11,3
2,1
11,2
2,3
11,1
10,262
10,246
10,232
10,162
10,116
10,82
10,78
10,10
10,3
10,2
10,1
9,7
9,6
9,4
9,3
9,2
9,1
8,17
8,16
8,11
8,7
8,6
8,5
8,3
8,2
8,1
7,13
